,LAT,LON,MUN,special,p0,p1,p2,p3,p4,p5,p6,p7,p8,p9,p10,p11,p12,p13,p14,p15,p16,p17,p18,p19,p20,p21,p22,p23,p24,p25,p26,p27,p28,p29,p30,p31,p32,p33,p34,p35,p36,p37,p38,p39,p40,p41,p42,p43,p44,p45,p46,p47,p48,p49,p50,p51,p52,p53,p54,p55,p56,p57,p58,p59,p60,p61,p62,p63,p64,p65,p66,p67,p68,p69,p70,p71,p72,p73,p74,p75,p76,p77,p78,p79,p80,p81,p82,p83,p84,p85,p86,p87,p88,p89,p90,p91,p92,p93,p94,p95,p96,p97,p98,p99,d0,d1,d2,d3,d4,d5,d6,d7,d8,d9,d10,d11,d12,d13,d14,d15,d16,d17,d18,d19,d20,d21,d22,d23,d24,d25,d26,d27,d28,d29,d30,d31,d32,d33,d34,d35,d36,d37,d38,d39,d40,d41,d42,d43,d44,d45,d46,d47,d48,d49,d50,d51,d52,d53,d54,d55,d56,d57,d58,d59,d60,d61,d62,d63,d64,d65,d66,d67,d68,d69,d70,d71,d72,d73,d74,d75,d76,d77,d78,d79,d80,d81,d82,d83,d84,d85,d86,d87,d88,d89,d90,d91,d92,d93,d94,d95,d96,d97,d98,d99
p0,42.02995525327927,-87.6890443613513,0.0,0,0.0,3.88,4.89,4.59,2.29,2.33,1.54,2.68,1.8,2.11,1.96,0.27,6.21,5.25,4.02,2.92,1.6,1.04,1.52,1.58,2.89,1.66,2.94,3.98,3.35,2.62,0.79,1.61,0.93,4.87,5.76,0.96,1.55,5.93,3.22,2.63,2.18,5.96,1.85,1.27,0.79,3.0,0.92,5.26,4.48,4.71,2.93,3.2,1.6,4.79,3.29,5.05,1.05,0.41,2.02,5.42,3.44,4.2,0.68,1.19,3.55,3.91,2.34,4.73,5.23,2.12,2.15,2.88,0.69,2.63,2.17,2.75,4.39,2.44,3.15,4.47,4.81,2.25,3.61,0.61,0.56,2.53,4.93,1.33,3.55,3.23,4.45,3.96,1.95,3.93,2.06,2.07,0.51,0.55,5.47,0.15,3.75,1.04,0.26,5.71,0.61,3.95,3.15,1.66,3.53,6.03,2.39,3.7,2.65,3.48,0.75,3.27,3.22,1.7,2.96,2.04,5.07,1.33,3.46,4.81,4.17,4.31,5.07,1.0,4.52,5.06,2.24,3.38,1.66,1.72,4.51,4.6,4.89,5.11,5.65,6.11,4.51,4.47,1.99,1.34,1.06,1.34,3.93,3.6,4.65,0.59,2.37,0.85,3.68,1.29,5.21,2.81,0.23,1.69,3.94,4.32,3.1,3.26,3.67,5.4,2.46,1.15,0.99,3.71,1.61,3.2,2.45,4.69,3.19,1.44,2.39,4.67,5.74,1.43,4.01,3.93,1.24,1.1,0.46,5.02,1.77,2.27,3.45,0.67,1.96,5.81,3.8,3.7,5.86,2.84,1.91,3.75,4.07,2.96,2.38,5.21,1.41,2.67,2.8,4.88
p1,42.03436703108619,-87.76447417403533,1.0,0,3.88,0.0,1.32,0.95,1.65,1.89,4.27,2.74,2.94,2.3,3.01,4.07,2.7,1.4,0.85,2.97,3.3,3.57,4.26,2.64,2.84,2.62,1.18,0.84,1.26,3.28,4.29,2.28,3.06,1.09,1.9,3.16,3.91,2.26,1.74,1.37,1.97,2.53,3.96,2.63,3.17,1.52,3.12,1.45,0.71,1.81,0.96,1.27,2.53,0.94,2.27,1.55,2.86,3.93,1.87,2.23,2.04,2.07,3.44,3.85,0.71,0.84,1.61,0.89,1.54,2.62,3.48,2.21,4.16,2.53,4.05,1.13,2.16,3.05,1.79,0.6,1.87,3.49,2.33,3.89,4.06,1.37,2.2,2.59,0.51,1.84,0.9,1.29,2.18,0.88,3.22,3.32,3.41,4.08,1.96,3.76,0.16,3.26,3.67,1.92,3.35,1.6,0.73,3.49,0.35,2.58,1.5,2.03,3.27,0.55,3.31,1.54,2.48,2.22,1.1,1.97,2.18,2.74,0.53,1.24,0.7,0.43,1.42,2.89,1.29,1.2,2.5,0.85,2.22,2.17,1.89,0.73,1.79,1.28,1.77,2.69,0.85,0.65,2.11,3.77,2.93,2.56,0.71,0.32,1.03,4.01,1.73,3.17,0.66,3.13,1.36,3.3,3.79,3.3,0.72,0.59,1.6,0.79,1.67,1.6,2.09,2.73,3.15,1.11,3.22,1.45,3.1,0.81,0.83,3.34,3.79,0.91,1.9,2.48,1.31,2.06,2.88,4.15,3.64,1.22,3.29,2.67,2.46,3.48,3.05,2.56,0.57,1.55,2.03,2.4,2.45,0.94,2.04,1.09,1.77,1.61,4.43,1.31,1.13,1.33
p2,42.049228386662044,-87.78076661832608,2.0,0,4.89,1.32,0.0,1.67,2.85,2.62,4.93,3.04,3.56,2.97,3.57,5.04,1.39,0.75,2.01,3.15,3.95,4.36,4.93,3.43,3.04,3.38,2.48,0.91,1.61,3.58,5.15,3.31,4.16,0.44,1.11,4.3,4.55,1.04,1.97,2.26,3.22,1.2,4.51,3.72,4.12,2.0,4.03,1.56,1.41,0.88,2.07,1.74,3.36,0.67,2.33,0.23,3.84,5.01,2.99,0.96,2.05,1.58,4.55,4.59,1.34,2.04,2.55,0.66,0.37,3.18,3.94,2.5,5.03,2.89,4.52,2.26,1.54,3.42,2.04,0.88,0.88,3.91,2.21,5.0,5.16,2.41,1.22,3.7,1.83,2.03,1.74,1.1,2.99,2.07,3.72,3.81,4.47,5.18,0.64,4.75,1.48,4.09,4.65,0.91,4.31,1.33,1.87,4.1,1.61,1.26,2.55,1.87,3.55,1.87,4.22,1.81,2.56,3.36,2.39,2.85,1.1,3.91,1.84,0.09,1.75,1.04,0.21,3.93,0.49,1.23,3.04,1.51,3.26,3.18,1.15,1.09,0.7,1.39,1.3,1.37,0.48,0.74,3.34,4.47,3.86,3.56,1.91,1.45,1.73,5.12,2.99,4.09,1.95,3.9,1.37,3.52,4.76,3.91,0.96,0.73,1.97,2.1,1.6,1.66,2.65,3.78,4.3,1.25,3.87,1.82,3.47,0.9,1.72,4.03,4.17,1.47,1.71,3.59,1.06,1.75,3.74,4.92,4.57,1.47,3.88,3.16,2.41,4.38,3.6,1.25,1.84,1.5,1.85,2.67,3.15,1.16,1.65,1.93,2.54,0.32,5.14,2.55,2.12,0.03
p3,42.025057827906565,-87.77822767661742,1.0,1,4.59,0.95,1.67,0.0,2.3,2.8,5.14,3.7,3.85,3.22,3.93,4.8,2.8,1.26,0.63,3.92,4.2,4.41,5.14,3.5,3.79,3.5,1.66,1.67,2.21,4.24,5.08,3.03,3.7,1.25,1.62,3.76,4.79,2.25,2.69,2.27,2.48,2.72,4.87,3.31,3.94,2.47,3.92,0.72,0.3,2.44,1.78,2.23,3.38,1.02,3.21,1.89,3.61,4.57,2.58,2.63,2.98,2.89,4.07,4.71,1.66,0.73,2.46,1.02,1.67,3.54,4.41,3.16,4.95,3.48,4.98,1.91,2.94,3.99,2.74,0.84,2.47,4.43,3.25,4.49,4.68,2.19,2.82,3.26,1.06,2.78,0.15,2.13,3.05,0.72,4.15,4.25,4.09,4.71,2.17,4.48,0.99,4.09,4.41,1.8,4.1,2.46,1.58,4.39,1.2,2.75,2.3,2.93,4.22,1.13,4.1,2.48,3.43,2.89,1.63,2.83,2.75,3.34,1.16,1.61,0.42,0.76,1.65,3.59,1.9,0.69,3.44,1.8,2.97,2.94,2.61,0.59,2.33,0.63,1.3,2.87,1.31,0.99,2.66,4.65,3.72,3.31,0.67,1.26,0.08,4.62,2.26,3.95,0.91,3.99,0.75,4.25,4.53,4.2,1.56,1.14,2.55,1.33,2.57,0.84,3.03,3.45,3.75,2.01,4.11,2.41,4.05,0.78,1.76,4.23,4.73,0.22,1.2,3.16,2.13,2.93,3.7,4.99,4.4,0.5,4.2,3.61,3.39,4.26,3.97,2.87,0.79,2.45,1.3,3.35,3.34,1.84,2.89,2.02,2.68,1.84,5.29,1.92,2.0,1.7
p4,42.027593070605526,-87.7335576859729,0.0,0,2.29,1.65,2.85,2.3,0.0,1.16,3.02,2.27,1.93,1.46,2.09,2.51,4.23,3.05,1.74,2.58,2.19,2.24,3.01,1.45,2.46,1.49,0.67,2.01,1.67,2.67,2.82,0.78,1.41,2.72,3.55,1.51,2.72,3.86,1.87,0.88,0.43,4.02,2.87,1.02,1.67,1.51,1.68,2.98,2.2,2.97,0.78,1.53,1.31,2.59,2.29,3.04,1.34,2.29,0.31,3.59,2.25,2.78,1.79,2.55,1.56,1.64,0.71,2.54,3.13,1.8,2.6,1.97,2.68,2.05,3.08,0.59,2.95,2.38,1.86,2.26,3.06,2.65,2.55,2.24,2.41,0.57,3.3,0.97,1.27,1.95,2.16,2.2,1.14,1.66,2.33,2.42,1.8,2.44,3.48,2.18,1.51,1.9,2.11,3.56,1.82,2.35,0.97,2.39,1.3,4.09,0.49,2.42,2.67,1.2,1.85,1.78,2.4,0.59,0.68,0.9,3.37,1.09,1.18,2.76,1.88,2.08,2.99,1.3,2.6,2.8,1.77,1.44,0.73,0.72,2.88,2.35,3.07,2.83,3.4,4.18,2.4,2.29,0.51,2.53,1.48,1.05,1.64,1.42,2.36,2.36,0.32,1.7,1.39,1.87,2.93,2.77,2.24,2.23,1.92,2.18,1.67,0.97,2.19,3.11,1.53,1.15,1.5,1.9,2.11,1.66,2.43,2.46,1.18,2.16,2.95,2.39,3.46,0.86,2.24,2.6,1.53,2.79,2.12,2.73,2.26,1.95,2.53,2.01,2.12,3.97,1.51,2.14,3.58,2.09,1.46,1.86,2.68,1.07,1.07,3.16,3.11,0.38,0.8,2.84
p5,42.04425938210355,-87.73013581044414,0.0,0,2.33,1.89,2.62,2.8,1.16,0.0,2.39,1.11,1.05,0.42,1.13,2.45,3.89,3.09,2.42,1.42,1.42,1.75,2.38,0.81,1.3,0.77,1.59,1.71,1.03,1.56,2.53,0.93,1.79,2.68,3.59,1.98,2.02,3.65,0.93,0.54,1.55,3.64,2.07,1.37,1.54,0.67,1.43,3.34,2.6,2.39,1.06,0.89,0.74,2.65,1.2,2.75,1.31,2.52,0.98,3.09,1.24,1.93,2.14,2.0,1.34,2.33,0.47,2.59,2.98,0.75,1.63,0.83,2.41,0.89,2.18,1.01,2.12,1.28,0.88,2.39,2.49,1.65,1.5,2.57,2.69,0.74,2.62,1.38,1.8,0.97,2.71,1.63,0.38,2.37,1.35,1.46,1.98,2.7,3.17,2.18,1.81,1.47,2.08,3.49,1.73,1.63,1.23,1.6,1.6,3.71,0.72,1.47,1.56,1.74,1.62,0.95,1.27,1.22,1.53,0.37,2.75,1.7,1.69,2.54,2.44,2.27,2.81,1.47,2.21,3.07,0.67,1.16,0.91,0.83,2.19,2.6,2.56,3.16,3.57,3.78,2.3,2.34,1.52,1.9,1.27,1.08,2.28,1.57,2.88,2.66,1.48,1.49,2.03,1.29,3.24,1.64,2.17,1.41,1.69,2.16,0.78,1.64,1.37,3.49,0.36,1.34,1.98,1.39,1.33,0.87,1.34,2.62,1.07,1.47,1.96,2.8,3.77,1.31,1.68,1.69,1.13,2.32,1.97,3.11,1.4,0.86,1.43,1.76,1.17,3.49,2.09,1.38,3.91,0.93,0.56,1.46,1.81,0.8,0.12,2.93,2.57,1.31,0.82,2.6
p6,42.0520148000704,-87.68475178504347,0.0,0,1.54,4.27,4.93,5.14,3.02,2.39,0.0,2.03,1.37,1.99,1.37,1.35,6.07,5.47,4.68,2.11,0.98,0.8,0.02,1.64,2.16,1.65,3.67,4.05,3.32,1.67,0.87,2.24,2.13,5.05,5.96,2.28,0.38,5.93,2.98,2.89,3.12,5.8,0.54,2.2,1.48,2.94,1.4,5.72,4.96,4.49,3.37,3.2,1.77,5.04,2.8,5.03,1.77,1.94,2.7,5.19,3.04,3.79,2.1,0.48,3.72,4.58,2.68,4.97,5.3,1.75,1.14,2.48,0.89,2.11,0.79,3.24,3.98,1.66,2.91,4.77,4.58,1.22,3.07,2.15,2.08,2.96,4.59,2.27,4.1,2.95,5.03,3.85,2.09,4.61,1.26,1.2,1.81,2.06,5.41,1.48,4.18,1.13,1.42,5.83,1.42,3.71,3.57,0.83,3.96,5.87,2.85,3.3,1.71,4.03,1.28,3.12,2.63,2.55,3.65,2.32,4.77,2.48,3.99,4.86,4.75,4.66,5.13,1.94,4.47,5.46,1.89,3.54,2.29,2.3,4.21,4.98,4.71,5.54,5.95,5.92,4.66,4.73,2.96,0.5,1.57,1.99,4.56,3.95,5.21,2.12,3.23,1.4,4.3,1.16,5.62,1.85,1.34,1.02,4.05,4.54,2.96,3.87,3.42,5.87,2.28,2.01,2.31,3.68,1.07,3.11,1.63,5.01,3.45,0.92,1.17,5.16,6.16,2.33,3.89,3.52,1.49,0.45,1.22,5.48,1.05,1.79,2.87,1.16,1.34,5.57,4.39,3.49,6.3,2.35,1.83,3.79,3.66,3.18,2.5,5.22,0.29,3.36,3.15,4.91
p7,42.059491747239065,-87.7230469107306,0.0,0,2.68,2.74,3.04,3.7,2.27,1.11,2.03,0.0,0.88,0.85,0.75,2.69,4.07,3.68,3.42,0.32,1.17,1.74,2.04,1.22,0.23,1.13,2.69,2.25,1.54,0.55,2.55,1.83,2.5,3.25,4.13,2.72,1.66,3.99,1.09,1.58,2.62,3.8,1.54,2.19,1.98,1.23,1.81,4.13,3.45,2.49,2.1,1.48,1.29,3.3,0.77,3.1,1.93,3.0,2.05,3.18,1.03,1.77,2.77,1.84,2.06,3.34,1.58,3.24,3.42,0.61,0.93,0.56,2.46,0.23,1.49,2.09,1.95,0.39,1.02,3.11,2.58,0.88,1.04,3.12,3.18,1.84,2.56,2.23,2.79,1.02,3.63,1.95,1.2,3.38,0.77,0.83,2.52,3.18,3.46,2.54,2.71,1.65,2.43,3.95,2.12,1.74,2.22,1.23,2.53,3.87,1.83,1.28,0.53,2.74,1.94,1.28,0.6,2.2,2.63,1.39,2.74,2.57,2.68,2.99,3.38,3.05,3.25,2.16,2.56,3.82,0.55,1.9,1.84,1.77,2.2,3.37,2.72,3.93,4.21,3.91,2.88,3.02,2.57,1.67,1.76,1.84,3.27,2.44,3.77,3.18,2.58,1.88,3.04,1.39,3.99,0.56,2.47,1.09,2.3,2.82,1.17,2.69,1.46,4.27,0.76,2.07,2.73,1.85,1.12,1.32,0.43,3.34,1.95,1.32,1.12,3.65,4.5,2.19,1.98,1.49,1.52,2.18,2.24,3.91,1.03,0.43,0.84,2.01,0.76,3.55,3.08,1.55,4.65,0.37,0.95,2.0,1.64,1.72,1.22,3.31,2.29,2.42,1.85,3.02
p8,42.050138477797766,-87.71127198577005,0.0,0,1.8,2.94,3.56,3.85,1.93,1.05,1.37,0.88,0.0,0.63,0.2,1.81,4.74,4.1,3.44,1.13,0.38,0.88,1.37,0.51,1.09,0.45,2.51,2.68,1.95,0.92,1.7,1.27,1.72,3.68,4.59,1.93,0.99,4.57,1.64,1.58,2.18,4.47,1.02,1.49,1.12,1.57,0.95,4.39,3.64,3.17,2.09,1.84,0.65,3.67,1.55,3.67,1.14,2.13,1.64,3.88,1.76,2.53,1.94,1.04,2.36,3.35,1.42,3.61,3.93,0.39,0.67,1.18,1.61,0.86,1.16,1.99,2.72,0.67,1.57,3.42,3.26,0.74,1.86,2.26,2.31,1.71,3.31,1.55,2.83,1.62,3.75,2.5,0.83,3.38,0.41,0.5,1.67,2.31,4.06,1.66,2.86,0.76,1.55,4.46,1.25,2.39,2.27,0.55,2.65,4.54,1.63,2.02,0.94,2.76,1.06,1.77,1.45,1.65,2.48,1.07,3.47,1.87,2.72,3.5,3.48,3.31,3.77,1.38,3.12,4.11,0.54,2.18,1.3,1.26,2.91,3.64,3.38,4.21,4.6,4.6,3.3,3.37,2.07,0.91,0.95,1.16,3.3,2.62,3.92,2.31,2.21,1.02,3.05,0.51,4.28,1.09,1.58,0.36,2.69,3.18,1.6,2.64,2.09,4.54,0.92,1.34,1.95,2.32,0.3,1.75,0.69,3.66,2.11,0.48,1.03,3.85,4.82,1.55,2.54,2.25,0.7,1.39,1.35,4.15,0.35,0.49,1.69,1.13,0.22,4.27,3.12,2.15,4.96,1.09,0.51,2.42,2.39,1.85,1.17,3.86,1.58,2.21,1.85,3.55
p9,42.04720002832152,-87.72299859874549,0.0,1,2.11,2.3,2.97,3.22,1.46,0.42,1.99,0.85,0.63,0.0,0.72,2.19,4.19,3.48,2.83,1.17,1.01,1.4,1.99,0.53,1.07,0.45,1.96,2.07,1.35,1.21,2.21,0.99,1.73,3.06,3.97,1.94,1.62,3.99,1.12,0.95,1.79,3.93,1.65,1.37,1.33,0.97,1.19,3.76,3.01,2.64,1.48,1.23,0.53,3.05,1.21,3.08,1.18,2.36,1.21,3.35,1.33,2.09,2.05,1.62,1.73,2.75,0.84,2.98,3.33,0.35,1.22,0.79,2.09,0.67,1.77,1.4,2.28,0.92,1.05,2.79,2.74,1.25,1.53,2.44,2.54,1.12,2.83,1.4,2.21,1.12,3.12,1.93,0.35,2.78,0.94,1.04,1.83,2.54,3.49,1.96,2.23,1.16,1.85,3.85,1.51,1.86,1.65,1.18,2.02,4.0,1.07,1.59,1.21,2.15,1.37,1.2,1.2,1.35,1.92,0.56,2.98,1.74,2.1,2.9,2.85,2.68,3.16,1.39,2.53,3.48,0.31,1.55,1.0,0.92,2.41,3.01,2.84,3.57,3.97,4.07,2.68,2.74,1.72,1.51,1.08,1.03,2.69,1.99,3.29,2.52,1.77,1.26,2.45,0.94,3.65,1.32,1.93,0.99,2.07,2.55,1.03,2.05,1.58,3.9,0.35,1.28,1.95,1.72,0.92,1.16,0.97,3.03,1.48,1.08,1.55,3.21,4.18,1.36,1.97,1.82,0.87,1.95,1.71,3.52,0.98,0.49,1.41,1.49,0.75,3.75,2.51,1.62,4.32,0.81,0.2,1.81,1.96,1.21,0.54,3.27,2.19,1.67,1.23,2.95
p10,42.052988038729076,-87.71141858303001,0.0,0,1.96,3.01,3.57,3.93,2.09,1.13,1.37,0.75,0.2,0.72,0.0,1.95,4.7,4.13,3.55,0.96,0.43,0.99,1.37,0.7,0.94,0.63,2.65,2.7,1.97,0.72,1.8,1.45,1.91,3.7,4.61,2.13,0.99,4.56,1.62,1.67,2.35,4.43,0.96,1.69,1.31,1.59,1.14,4.45,3.72,3.12,2.19,1.86,0.83,3.71,1.46,3.66,1.34,2.3,1.81,3.83,1.69,2.45,2.13,1.11,2.4,3.46,1.54,3.65,3.94,0.4,0.51,1.12,1.72,0.76,1.05,2.11,2.64,0.49,1.54,3.47,3.22,0.56,1.76,2.44,2.48,1.83,3.24,1.74,2.93,1.58,3.84,2.49,0.96,3.49,0.24,0.33,1.86,2.48,4.04,1.82,2.94,0.93,1.71,4.47,1.43,2.35,2.37,0.54,2.73,4.5,1.76,1.95,0.74,2.87,1.23,1.76,1.34,1.83,2.61,1.21,3.42,2.07,2.82,3.5,3.57,3.37,3.77,1.58,3.11,4.17,0.53,2.22,1.48,1.43,2.85,3.7,3.34,4.27,4.63,4.56,3.32,3.41,2.25,0.95,1.14,1.35,3.41,2.69,4.01,2.48,2.38,1.2,3.16,0.67,4.34,0.89,1.74,0.37,2.71,3.22,1.6,2.76,2.05,4.6,0.94,1.54,2.15,2.32,0.38,1.75,0.5,3.71,2.18,0.57,0.87,3.92,4.87,1.74,2.53,2.18,0.9,1.45,1.51,4.22,0.32,0.42,1.57,1.29,0.04,4.21,3.22,2.12,5.01,1.0,0.64,2.44,2.32,1.92,1.25,3.85,1.61,2.35,1.95,3.55
p11,42.03248602384255,-87.68514634884957,0.0,0,0.27,4.07,5.04,4.8,2.51,2.45,1.35,2.69,1.81,2.19,1.95,0.0,6.34,5.43,4.24,2.91,1.56,0.98,1.33,1.67,2.89,1.74,3.16,4.13,3.48,2.58,0.54,1.8,1.18,5.04,5.93,1.23,1.41,6.08,3.31,2.79,2.42,6.08,1.71,1.49,0.92,3.11,1.01,5.47,4.69,4.82,3.11,3.33,1.71,4.97,3.34,5.19,1.22,0.62,2.23,5.53,3.51,4.27,0.94,1.06,3.71,4.14,2.51,4.91,5.38,2.16,2.08,2.94,0.46,2.66,2.03,2.94,4.47,2.42,3.24,4.65,4.92,2.18,3.66,0.83,0.74,2.71,5.03,1.55,3.76,3.31,4.67,4.08,2.07,4.16,2.02,2.02,0.76,0.71,5.61,0.33,3.95,1.06,0.4,5.88,0.73,4.05,3.34,1.59,3.72,6.16,2.57,3.77,2.61,3.69,0.83,3.38,3.25,1.92,3.18,2.19,5.17,1.58,3.66,4.96,4.38,4.5,5.22,1.21,4.66,5.26,2.29,3.53,1.85,1.9,4.6,4.8,5.01,5.31,5.84,6.23,4.68,4.65,2.23,1.22,1.18,1.52,4.15,3.78,4.86,0.78,2.6,0.96,3.9,1.31,5.41,2.77,0.28,1.65,4.09,4.49,3.2,3.48,3.77,5.61,2.55,1.36,1.25,3.84,1.59,3.31,2.42,4.88,3.36,1.41,2.29,4.88,5.94,1.65,4.13,4.0,1.33,0.9,0.48,5.22,1.73,2.3,3.49,0.7,1.94,5.93,4.01,3.8,6.07,2.88,1.99,3.89,4.14,3.12,2.51,5.35,1.19,2.89,2.97,5.03
p12,42.06143753721294,-87.80235722257659,2.0,0,6.21,2.7,1.39,2.8,4.23,3.89,6.07,4.07,4.74,4.19,4.7,6.34,0.0,1.54,3.28,4.09,5.11,5.58,6.07,4.69,4.0,4.63,3.86,2.25,2.86,4.55,6.4,4.65,5.52,1.64,1.35,5.67,5.68,0.57,3.09,3.59,4.61,0.28,5.6,5.08,5.42,3.23,5.32,2.36,2.6,1.58,3.46,3.01,4.63,1.85,3.3,1.19,5.17,6.35,4.37,0.9,3.04,2.33,5.91,5.78,2.7,3.33,3.89,1.88,1.18,4.34,4.99,3.58,6.28,3.96,5.55,3.65,2.18,4.45,3.17,2.17,1.49,4.95,3.07,6.36,6.51,3.77,1.57,5.06,3.2,3.12,2.91,2.26,4.27,3.35,4.81,4.89,5.81,6.53,0.76,6.06,2.86,5.34,5.96,1.05,5.61,2.35,3.26,5.24,3.0,0.21,3.91,2.79,4.52,3.25,5.51,2.98,3.5,4.73,3.78,4.16,1.37,5.28,3.22,1.48,3.01,2.36,1.27,5.27,1.69,2.16,4.2,2.85,4.6,4.53,1.87,2.28,1.36,2.28,1.77,0.22,1.86,2.07,4.73,5.64,5.16,4.89,3.21,2.84,2.83,6.47,4.38,5.38,3.29,5.13,2.2,4.45,6.06,5.06,2.32,2.11,3.16,3.48,2.65,2.39,3.84,5.12,5.67,2.5,5.04,3.03,4.5,2.08,3.08,5.22,5.16,2.58,2.21,4.95,2.21,2.59,5.01,6.12,5.86,2.42,5.02,4.28,3.3,5.65,4.73,0.6,3.17,2.59,2.29,3.73,4.38,2.46,2.45,3.28,3.83,1.09,6.31,3.94,3.49,1.39
p13,42.040972758898135,-87.79029612877743,2.0,0,5.25,1.4,0.75,1.26,3.05,3.09,5.47,3.68,4.1,3.48,4.13,5.43,1.54,0.0,1.78,3.82,4.48,4.84,5.46,3.9,3.7,3.86,2.55,1.44,2.17,4.22,5.6,3.64,4.45,0.43,0.51,4.56,5.09,0.99,2.59,2.65,3.36,1.48,5.09,4.02,4.51,2.54,4.45,0.89,1.08,1.63,2.33,2.27,3.8,0.46,3.01,0.86,4.21,5.31,3.26,1.54,2.73,2.33,4.84,5.09,1.75,1.85,2.92,0.52,0.51,3.73,4.54,3.13,5.47,3.5,5.13,2.52,2.29,4.04,2.66,0.8,1.62,4.52,2.92,5.28,5.45,2.72,1.94,3.98,1.85,2.66,1.38,1.76,3.44,1.86,4.3,4.4,4.79,5.48,0.99,5.12,1.55,4.54,5.03,0.56,4.69,2.04,2.11,4.65,1.75,1.51,2.86,2.58,4.2,1.91,4.64,2.41,3.24,3.62,2.48,3.26,1.8,4.14,1.91,0.76,1.51,0.98,0.59,4.26,1.22,0.62,3.6,1.94,3.59,3.53,1.9,0.79,1.43,0.76,0.56,1.62,0.81,0.78,3.51,4.99,4.26,3.91,1.74,1.65,1.29,5.4,3.13,4.49,1.87,4.38,0.7,4.18,5.15,4.46,1.42,0.94,2.54,2.16,2.27,0.96,3.19,4.1,4.55,1.83,4.4,2.39,4.09,0.61,2.07,4.55,4.79,1.04,0.97,3.87,1.73,2.48,4.17,5.41,4.97,0.89,4.44,3.74,3.11,4.8,4.17,1.68,1.74,2.16,1.1,3.31,3.65,1.69,2.38,2.33,3.0,0.72,5.66,2.71,2.45,0.78
p14,42.022121198778855,-87.76664784579893,1.0,0,4.02,0.85,2.01,0.63,1.74,2.42,4.68,3.42,3.44,2.83,3.55,4.24,3.28,1.78,0.0,3.67,3.77,3.93,4.67,3.05,3.54,3.05,1.08,1.7,2.04,3.93,4.55,2.5,3.11,1.65,2.2,3.17,4.35,2.76,2.51,1.88,1.88,3.15,4.45,2.75,3.4,2.22,3.4,1.35,0.7,2.63,1.35,2.02,2.92,1.43,3.04,2.23,3.07,3.97,2.04,2.96,2.84,2.93,3.47,4.23,1.52,0.11,2.02,1.4,2.11,3.17,4.05,2.91,4.42,3.19,4.59,1.45,3.01,3.67,2.55,1.13,2.68,4.07,3.14,3.89,4.08,1.74,3.02,2.69,0.63,2.6,0.48,2.14,2.62,0.1,3.77,3.87,3.52,4.11,2.59,3.91,0.78,3.59,3.85,2.34,3.56,2.45,1.2,3.96,0.9,3.2,1.83,2.85,3.93,0.68,3.58,2.31,3.24,2.32,1.06,2.38,2.99,2.74,0.73,1.93,0.27,0.96,2.04,3.03,2.09,1.28,3.08,1.61,2.44,2.42,2.73,1.0,2.58,1.25,1.91,3.31,1.56,1.26,2.06,4.18,3.2,2.78,0.15,1.05,0.66,4.02,1.66,3.43,0.39,3.52,1.37,3.97,3.98,3.78,1.57,1.32,2.33,0.81,2.5,1.46,2.7,2.89,3.15,1.94,3.68,2.21,3.73,1.2,1.48,3.78,4.38,0.8,1.83,2.59,2.16,2.9,3.21,4.49,3.86,1.12,3.79,3.26,3.25,3.74,3.58,3.25,0.34,2.39,1.93,3.1,2.93,1.78,2.89,1.7,2.3,2.24,4.81,1.36,1.6,2.02
p15,42.0640970086816,-87.72264911165851,0.0,0,2.92,2.97,3.15,3.92,2.58,1.42,2.11,0.32,1.13,1.17,0.96,2.91,4.09,3.82,3.67,0.0,1.36,1.94,2.12,1.51,0.13,1.42,2.99,2.41,1.73,0.47,2.71,2.15,2.79,3.39,4.26,3.01,1.76,4.05,1.26,1.87,2.94,3.82,1.59,2.49,2.24,1.46,2.08,4.32,3.67,2.52,2.38,1.7,1.6,3.46,0.82,3.19,2.22,3.25,2.37,3.19,1.1,1.76,3.05,1.99,2.27,3.61,1.89,3.4,3.52,0.91,0.98,0.76,2.64,0.53,1.48,2.38,1.92,0.49,1.19,3.3,2.61,0.91,1.02,3.38,3.44,2.14,2.55,2.54,3.05,1.17,3.86,2.07,1.51,3.65,0.91,0.94,2.79,3.43,3.52,2.78,2.95,1.89,2.67,4.06,2.37,1.82,2.49,1.38,2.78,3.89,2.14,1.31,0.44,3.01,2.19,1.46,0.6,2.52,2.92,1.7,2.74,2.88,2.95,3.11,3.63,3.25,3.36,2.45,2.66,4.0,0.86,2.12,2.16,2.09,2.22,3.56,2.76,4.12,4.36,3.92,3.03,3.2,2.89,1.82,2.04,2.15,3.52,2.67,4.0,3.44,2.9,2.14,3.31,1.63,4.17,0.36,2.7,1.27,2.47,3.0,1.37,2.97,1.55,4.46,1.06,2.37,3.02,2.02,1.32,1.52,0.5,3.52,2.2,1.51,1.07,3.86,4.67,2.5,2.09,1.5,1.8,2.32,2.47,4.11,1.19,0.73,0.8,2.25,0.97,3.55,3.33,1.66,4.82,0.58,1.26,2.17,1.64,1.98,1.53,3.4,2.39,2.73,2.14,3.13
p16,42.05035586748172,-87.70378043641236,0.0,0,1.6,3.3,3.95,4.2,2.19,1.42,0.98,1.17,0.38,1.01,0.43,1.56,5.11,4.48,3.77,1.36,0.0,0.58,0.98,0.74,1.35,0.72,2.81,3.07,2.34,1.03,1.37,1.46,1.72,4.06,4.97,1.92,0.61,4.96,2.02,1.93,2.38,4.85,0.68,1.59,1.05,1.96,0.89,4.76,4.01,3.54,2.43,2.22,0.88,4.05,1.89,4.05,1.18,1.96,1.89,4.25,2.11,2.88,1.87,0.68,2.74,3.68,1.75,3.99,4.32,0.77,0.58,1.54,1.29,1.19,0.89,2.32,3.07,0.87,1.94,3.8,3.63,0.67,2.19,2.12,2.14,2.03,3.67,1.65,3.17,1.99,4.1,2.88,1.15,3.71,0.46,0.47,1.57,2.13,4.44,1.47,3.22,0.61,1.36,4.85,1.12,2.76,2.62,0.2,3.01,4.92,1.95,2.38,1.05,3.1,0.92,2.15,1.77,1.83,2.78,1.39,3.84,1.95,3.06,3.88,3.82,3.69,4.15,1.41,3.5,4.48,0.92,2.56,1.51,1.48,3.28,4.01,3.75,4.57,4.97,4.98,3.68,3.75,2.26,0.53,0.96,1.29,3.64,2.98,4.27,2.15,2.45,0.94,3.38,0.41,4.65,1.22,1.37,0.09,3.07,3.56,1.99,2.97,2.46,4.9,1.3,1.41,1.94,2.7,0.09,2.13,0.86,4.03,2.48,0.16,0.9,4.21,5.19,1.68,2.92,2.6,0.76,1.02,1.14,4.52,0.17,0.84,2.0,0.94,0.41,4.64,3.46,2.53,5.33,1.43,0.86,2.81,2.75,2.21,1.53,4.24,1.2,2.5,2.2,3.93
p17,42.04414226655468,-87.69610961826008,0.0,0,1.04,3.57,4.36,4.41,2.24,1.75,0.8,1.74,0.88,1.4,0.99,0.98,5.58,4.84,3.93,1.94,0.58,0.0,0.78,0.94,1.93,0.98,2.89,3.45,2.75,1.6,0.83,1.45,1.38,4.42,5.34,1.56,0.59,5.38,2.49,2.2,2.32,5.32,0.86,1.41,0.71,2.37,0.6,5.02,4.25,4.02,2.64,2.61,1.04,4.39,2.43,4.48,0.97,1.43,1.92,4.73,2.63,3.41,1.43,0.32,3.08,3.83,1.96,4.33,4.72,1.26,1.1,2.06,0.73,1.74,1.18,2.5,3.6,1.45,2.42,4.11,4.12,1.2,2.74,1.61,1.6,2.23,4.18,1.48,3.36,2.48,4.3,3.32,1.4,3.86,1.04,1.04,1.13,1.59,4.89,0.93,3.47,0.34,0.83,5.24,0.69,3.24,2.86,0.62,3.25,5.39,2.11,2.9,1.63,3.29,0.52,2.59,2.32,1.75,2.88,1.6,4.34,1.7,3.25,4.28,4.01,3.98,4.55,1.15,3.93,4.77,1.4,2.9,1.51,1.52,3.77,4.3,4.22,4.85,5.3,5.45,4.05,4.08,2.16,0.36,0.78,1.2,3.81,3.26,4.48,1.62,2.44,0.61,3.55,0.46,4.93,1.79,0.81,0.67,3.44,3.9,2.42,3.12,2.95,5.17,1.74,1.22,1.58,3.12,0.62,2.56,1.44,4.34,2.78,0.43,1.35,4.45,5.47,1.54,3.37,3.13,0.71,0.58,0.6,4.78,0.75,1.37,2.56,0.44,0.98,5.13,3.64,3.0,5.61,1.97,1.2,3.2,3.27,2.52,1.84,4.66,0.88,2.59,2.44,4.34
p18,42.05170260090072,-87.68473541622805,0.0,0,1.52,4.26,4.93,5.14,3.01,2.38,0.02,2.04,1.37,1.99,1.37,1.33,6.07,5.46,4.67,2.12,0.98,0.78,0.0,1.63,2.17,1.64,3.66,4.05,3.32,1.68,0.84,2.23,2.11,5.04,5.95,2.27,0.39,5.93,2.99,2.89,3.11,5.8,0.55,2.18,1.47,2.94,1.38,5.72,4.96,4.49,3.36,3.2,1.76,5.03,2.8,5.03,1.75,1.92,2.69,5.19,3.04,3.8,2.08,0.46,3.72,4.58,2.68,4.97,5.3,1.75,1.15,2.49,0.87,2.11,0.81,3.23,3.98,1.67,2.91,4.77,4.58,1.23,3.08,2.13,2.06,2.95,4.59,2.25,4.09,2.95,5.03,3.86,2.09,4.61,1.27,1.2,1.79,2.04,5.41,1.46,4.17,1.12,1.4,5.83,1.4,3.72,3.56,0.83,3.95,5.87,2.84,3.3,1.72,4.02,1.27,3.12,2.64,2.53,3.64,2.31,4.77,2.46,3.98,4.86,4.75,4.65,5.13,1.92,4.47,5.45,1.89,3.53,2.28,2.28,4.21,4.98,4.71,5.54,5.95,5.93,4.66,4.72,2.95,0.49,1.56,1.98,4.55,3.94,5.21,2.1,3.22,1.39,4.29,1.15,5.62,1.86,1.32,1.02,4.05,4.54,2.96,3.87,3.42,5.86,2.28,1.99,2.29,3.68,1.06,3.11,1.63,5.01,3.45,0.92,1.18,5.16,6.15,2.32,3.9,3.52,1.48,0.42,1.2,5.48,1.05,1.79,2.87,1.15,1.34,5.58,4.38,3.49,6.29,2.35,1.82,3.79,3.67,3.18,2.49,5.22,0.27,3.35,3.14,4.91
p19,42.04308449729956,-87.71437425495814,0.0,0,1.58,2.64,3.43,3.5,1.45,0.81,1.64,1.22,0.51,0.53,0.7,1.67,4.69,3.9,3.05,1.51,0.74,0.94,1.63,0.0,1.44,0.09,2.07,2.52,1.83,1.4,1.72,0.76,1.28,3.49,4.4,1.5,1.3,4.47,1.64,1.27,1.67,4.43,1.42,1.0,0.81,1.46,0.67,4.09,3.33,3.16,1.73,1.69,0.14,3.45,1.72,3.56,0.71,1.84,1.15,3.87,1.86,2.61,1.56,1.21,2.14,2.95,1.04,3.39,3.79,0.61,1.18,1.3,1.6,1.1,1.62,1.6,2.81,1.12,1.57,3.17,3.26,1.25,2.04,1.93,2.02,1.32,3.36,1.05,2.46,1.64,3.39,2.43,0.46,2.98,0.93,1.01,1.33,2.03,3.98,1.44,2.54,0.66,1.33,4.3,0.98,2.38,1.93,0.94,2.32,4.5,1.22,2.12,1.41,2.39,0.84,1.71,1.68,1.13,2.04,0.68,3.5,1.38,2.35,3.36,3.11,3.04,3.62,0.94,3.02,3.84,0.7,1.96,0.79,0.75,2.93,3.36,3.35,3.92,4.36,4.57,3.11,3.14,1.56,1.14,0.56,0.66,2.92,2.32,3.57,2.01,1.72,0.73,2.66,0.49,4.0,1.55,1.4,0.77,2.5,2.96,1.54,2.24,2.1,4.24,0.88,0.86,1.51,2.2,0.66,1.66,1.16,3.4,1.84,0.73,1.54,3.53,4.54,1.04,2.47,2.35,0.35,1.52,1.18,3.85,0.81,0.79,1.9,0.97,0.73,4.26,2.75,2.13,4.67,1.29,0.33,2.27,2.48,1.58,0.9,3.74,1.79,1.76,1.51,3.42
p20,42.06261440469452,-87.72436324971815,0.0,0,2.89,2.84,3.04,3.79,2.46,1.3,2.16,0.23,1.09,1.07,0.94,2.89,4.0,3.7,3.54,0.13,1.35,1.93,2.17,1.44,0.0,1.35,2.86,2.29,1.6,0.55,2.72,2.06,2.73,3.27,4.14,2.94,1.8,3.95,1.13,1.74,2.83,3.72,1.65,2.41,2.2,1.32,2.03,4.19,3.53,2.43,2.25,1.56,1.52,3.33,0.71,3.08,2.15,3.21,2.26,3.1,0.99,1.67,3.0,2.0,2.13,3.47,1.77,3.28,3.41,0.84,1.03,0.63,2.64,0.41,1.55,2.25,1.84,0.51,1.06,3.17,2.51,0.97,0.93,3.34,3.4,2.01,2.47,2.45,2.92,1.04,3.73,1.95,1.41,3.51,0.92,0.97,2.74,3.4,3.41,2.75,2.82,1.86,2.64,3.94,2.33,1.71,2.36,1.39,2.65,3.8,2.02,1.21,0.53,2.87,2.15,1.33,0.5,2.42,2.79,1.59,2.66,2.79,2.81,2.99,3.49,3.11,3.24,2.38,2.55,3.87,0.77,1.99,2.06,1.99,2.13,3.43,2.66,3.99,4.24,3.84,2.9,3.07,2.78,1.84,1.99,2.07,3.39,2.54,3.87,3.4,2.78,2.1,3.17,1.6,4.04,0.48,2.67,1.27,2.34,2.87,1.24,2.84,1.44,4.33,0.94,2.3,2.95,1.89,1.31,1.39,0.53,3.39,2.06,1.5,1.16,3.73,4.55,2.41,1.98,1.41,1.75,2.34,2.44,3.98,1.2,0.66,0.72,2.22,0.95,3.47,3.2,1.54,4.69,0.44,1.18,2.04,1.55,1.85,1.4,3.29,2.43,2.6,2.0,3.01
p21,42.04426176229685,-87.71514076973283,0.0,0,1.66,2.62,3.38,3.5,1.49,0.77,1.65,1.13,0.45,0.45,0.63,1.74,4.63,3.86,3.05,1.42,0.72,0.98,1.64,0.09,1.35,0.0,2.09,2.48,1.78,1.32,1.77,0.82,1.37,3.45,4.36,1.59,1.3,4.41,1.57,1.25,1.72,4.37,1.4,1.08,0.89,1.4,0.75,4.08,3.31,3.09,1.72,1.64,0.2,3.42,1.63,3.51,0.8,1.93,1.19,3.8,1.78,2.54,1.65,1.24,2.11,2.96,1.04,3.36,3.74,0.52,1.12,1.22,1.65,1.01,1.59,1.6,2.73,1.04,1.5,3.14,3.19,1.19,1.95,2.02,2.11,1.32,3.29,1.13,2.46,1.57,3.39,2.37,0.44,2.99,0.86,0.95,1.42,2.11,3.92,1.52,2.53,0.71,1.4,4.26,1.06,2.31,1.92,0.92,2.31,4.44,1.23,2.04,1.33,2.39,0.92,1.65,1.59,1.2,2.06,0.67,3.43,1.47,2.35,3.31,3.11,3.02,3.58,1.03,2.96,3.81,0.61,1.92,0.85,0.81,2.86,3.34,3.28,3.9,4.33,4.51,3.07,3.11,1.62,1.15,0.65,0.74,2.92,2.3,3.57,2.1,1.76,0.81,2.67,0.52,3.98,1.47,1.48,0.74,2.46,2.93,1.47,2.25,2.03,4.22,0.81,0.95,1.6,2.15,0.64,1.6,1.08,3.38,1.81,0.73,1.48,3.52,4.52,1.12,2.41,2.27,0.43,1.55,1.26,3.84,0.77,0.7,1.81,1.04,0.66,4.2,2.75,2.06,4.65,1.2,0.25,2.22,2.4,1.55,0.86,3.69,1.81,1.78,1.5,3.37
p22,42.024429258074115,-87.74587338691401,1.0,0,2.94,1.18,2.48,1.66,0.67,1.59,3.67,2.69,2.51,1.96,2.65,3.16,3.86,2.55,1.08,2.99,2.81,2.89,3.66,2.07,2.86,2.09,0.0,1.77,1.69,3.15,3.49,1.45,2.04,2.27,3.03,2.1,3.36,3.43,2.04,1.12,0.83,3.68,3.49,1.67,2.33,1.68,2.34,2.36,1.6,2.79,0.67,1.58,1.93,2.11,2.53,2.69,2.01,2.91,0.98,3.32,2.42,2.78,2.41,3.21,1.37,0.97,1.13,2.06,2.71,2.31,3.16,2.28,3.35,2.46,3.67,0.61,2.92,2.87,2.05,1.76,2.87,3.2,2.73,2.83,3.02,0.85,3.16,1.62,0.7,2.13,1.52,2.08,1.68,0.99,2.88,2.98,2.44,3.05,3.11,2.84,1.02,2.56,2.77,3.09,2.49,2.31,0.72,3.0,0.87,3.74,0.89,2.53,3.15,0.64,2.52,1.88,2.69,1.24,0.09,1.44,3.19,1.68,0.65,2.39,1.24,1.57,2.59,1.96,2.33,2.21,2.25,1.32,1.39,1.38,2.77,1.79,2.83,2.23,2.83,3.84,2.01,1.82,1.0,3.17,2.14,1.72,0.99,1.04,1.71,2.96,0.6,2.37,0.75,2.51,2.34,3.23,2.9,2.83,1.66,1.76,1.83,0.39,2.23,2.49,1.93,1.82,2.09,1.8,2.72,1.76,2.92,1.94,1.07,2.79,3.51,1.77,2.84,1.51,2.12,2.66,2.18,3.45,2.79,2.12,2.85,2.44,2.77,2.68,2.68,3.68,0.88,2.15,2.96,2.44,2.01,1.7,2.7,1.12,1.47,2.78,3.77,0.31,0.88,2.48
p23,42.046569350896306,-87.7633414334933,2.0,0,3.98,0.84,0.91,1.67,2.01,1.71,4.05,2.25,2.68,2.07,2.7,4.13,2.25,1.44,1.7,2.41,3.07,3.45,4.05,2.52,2.29,2.48,1.77,0.0,0.73,2.8,4.24,2.41,3.27,1.01,1.91,3.42,3.67,1.95,1.16,1.35,2.41,2.02,3.66,2.83,3.21,1.11,3.12,1.93,1.38,1.02,1.24,0.85,2.45,1.05,1.62,1.07,2.93,4.11,2.12,1.58,1.36,1.24,3.66,3.69,0.46,1.69,1.64,0.99,1.27,2.31,3.11,1.7,4.12,2.07,3.69,1.43,1.31,2.61,1.23,0.91,1.1,3.09,1.61,4.11,4.26,1.53,1.4,2.81,1.26,1.24,1.66,0.46,2.07,1.72,2.87,2.96,3.57,4.28,1.5,3.84,0.94,3.18,3.74,1.78,3.39,0.79,1.08,3.22,0.95,2.09,1.67,1.27,2.78,1.27,3.31,0.97,1.85,2.49,1.68,1.94,1.42,3.04,1.23,0.83,1.52,0.91,1.1,3.03,0.59,1.6,2.17,0.61,2.36,2.28,1.05,1.19,1.07,1.73,1.96,2.18,0.63,0.8,2.52,3.58,2.94,2.65,1.56,0.76,1.75,4.22,2.21,3.17,1.48,2.99,1.77,2.77,3.85,3.04,0.13,0.59,1.11,1.45,0.92,2.07,1.76,2.88,3.42,0.4,2.98,0.95,2.66,1.12,0.84,3.14,3.36,1.54,2.26,2.7,0.47,1.26,2.83,4.02,3.66,1.74,3.01,2.3,1.77,3.46,2.74,1.95,1.41,0.8,2.41,1.88,2.25,0.26,1.22,1.03,1.63,1.23,4.26,1.77,1.25,0.9
p24,42.04870290933972,-87.74931183418695,2.0,1,3.35,1.26,1.61,2.21,1.67,1.03,3.32,1.54,1.95,1.35,1.97,3.48,2.86,2.17,2.04,1.73,2.34,2.75,3.32,1.83,1.6,1.78,1.69,0.73,0.0,2.09,3.55,1.85,2.73,1.74,2.65,2.91,2.94,2.64,0.48,0.83,2.1,2.61,2.92,2.29,2.57,0.38,2.46,2.59,1.94,1.38,1.02,0.16,1.77,1.77,1.01,1.73,2.32,3.52,1.67,2.07,0.8,1.12,3.11,2.98,0.54,1.99,1.1,1.71,1.98,1.57,2.37,0.99,3.43,1.35,2.96,1.14,1.28,1.88,0.54,1.57,1.48,2.36,1.11,3.55,3.69,1.1,1.66,2.28,1.46,0.58,2.16,0.61,1.41,2.03,2.13,2.23,2.97,3.7,2.14,3.21,1.27,2.49,3.1,2.51,2.75,0.69,0.99,2.49,1.14,2.68,1.22,0.85,2.07,1.43,2.65,0.28,1.22,2.02,1.6,1.32,1.77,2.56,1.37,1.54,1.95,1.51,1.81,2.45,1.19,2.28,1.44,0.43,1.81,1.73,1.23,1.83,1.54,2.4,2.69,2.75,1.36,1.48,2.16,2.86,2.3,2.06,1.89,0.99,2.28,3.65,1.93,2.52,1.71,2.29,2.45,2.07,3.2,2.3,0.76,1.28,0.38,1.49,0.54,2.74,1.03,2.3,2.9,0.37,2.26,0.22,1.94,1.8,0.63,2.42,2.64,2.13,2.96,2.19,0.66,0.97,2.16,3.31,3.0,2.38,2.28,1.57,1.21,2.79,2.0,2.47,1.71,0.47,3.11,1.17,1.54,0.47,1.03,0.6,0.97,1.91,3.53,1.56,0.87,1.6
p25,42.063287353177614,-87.71363578344396,0.0,0,2.62,3.28,3.58,4.24,2.67,1.56,1.67,0.55,0.92,1.21,0.72,2.58,4.55,4.22,3.93,0.47,1.03,1.6,1.68,1.4,0.55,1.32,3.15,2.8,2.09,0.0,2.33,2.12,2.63,3.8,4.67,2.85,1.34,4.5,1.64,2.07,2.98,4.28,1.14,2.4,2.02,1.77,1.85,4.68,3.99,2.98,2.6,2.03,1.51,3.85,1.26,3.63,2.06,2.98,2.42,3.65,1.54,2.22,2.85,1.6,2.6,3.86,2.03,3.79,3.95,0.87,0.54,1.1,2.27,0.75,1.01,2.56,2.39,0.29,1.56,3.66,3.06,0.46,1.48,3.13,3.16,2.3,3.01,2.45,3.31,1.56,4.16,2.48,1.54,3.9,0.57,0.56,2.56,3.16,3.96,2.49,3.25,1.62,2.38,4.48,2.13,2.26,2.74,1.0,3.06,4.35,2.27,1.76,0.03,3.26,1.93,1.83,1.06,2.5,3.1,1.77,3.2,2.78,3.2,3.53,3.91,3.59,3.78,2.3,3.09,4.37,0.9,2.44,2.14,2.08,2.68,3.92,3.22,4.48,4.76,4.39,3.42,3.57,2.9,1.42,1.86,2.05,3.79,2.98,4.31,3.17,2.98,1.91,3.56,1.37,4.54,0.19,2.4,0.93,2.84,3.37,1.71,3.19,1.98,4.82,1.24,2.25,2.87,2.4,1.02,1.87,0.24,3.89,2.48,1.18,0.61,4.19,5.05,2.44,2.51,1.96,1.62,1.91,2.17,4.46,0.85,0.72,1.26,1.96,0.71,4.02,3.6,2.08,5.2,0.92,1.23,2.55,2.1,2.24,1.68,3.83,1.95,2.87,2.35,3.55
p26,42.03976908050261,-87.68112321790512,0.0,0,0.79,4.29,5.15,5.08,2.82,2.53,0.87,2.55,1.7,2.21,1.8,0.54,6.4,5.6,4.55,2.71,1.37,0.83,0.84,1.72,2.72,1.77,3.49,4.24,3.55,2.33,0.0,2.05,1.61,5.2,6.1,1.71,1.03,6.19,3.31,2.95,2.8,6.13,1.31,1.85,1.15,3.17,1.17,5.72,4.95,4.84,3.34,3.41,1.8,5.15,3.25,5.28,1.48,1.16,2.52,5.56,3.46,4.23,1.45,0.73,3.85,4.45,2.69,5.09,5.51,2.09,1.79,2.88,0.14,2.55,1.62,3.18,4.42,2.22,3.24,4.85,4.94,1.89,3.56,1.38,1.27,2.92,5.01,1.91,4.03,3.3,4.96,4.14,2.17,4.48,1.8,1.78,1.21,1.24,5.7,0.79,4.18,1.07,0.79,6.02,1.0,4.06,3.56,1.34,3.95,6.21,2.8,3.72,2.36,3.96,0.98,3.41,3.14,2.26,3.49,2.34,5.17,2.01,3.93,5.08,4.67,4.71,5.35,1.55,4.74,5.49,2.23,3.67,2.11,2.15,4.6,5.02,5.04,5.56,6.04,6.27,4.83,4.83,2.62,0.9,1.37,1.77,4.45,3.99,5.15,1.32,2.96,1.13,4.19,1.27,5.65,2.52,0.67,1.45,4.22,4.66,3.24,3.76,3.77,5.87,2.55,1.68,1.73,3.92,1.43,3.37,2.21,5.08,3.53,1.23,1.94,5.14,6.19,2.0,4.18,3.95,1.43,0.45,0.7,5.48,1.52,2.19,3.38,0.82,1.78,5.95,4.3,3.82,6.32,2.79,2.01,3.99,4.1,3.27,2.62,5.46,0.66,3.19,3.17,5.14
p27,42.03302340910362,-87.7201321797044,0.0,0,1.61,2.28,3.31,3.03,0.78,0.93,2.24,1.83,1.27,0.99,1.45,1.8,4.65,3.64,2.5,2.15,1.46,1.45,2.23,0.76,2.06,0.82,1.45,2.41,1.85,2.12,2.05,0.0,0.88,3.26,4.15,1.06,1.95,4.35,1.85,1.06,0.92,4.42,2.13,0.45,0.91,1.54,0.9,3.68,2.9,3.23,1.32,1.69,0.62,3.18,2.12,3.47,0.58,1.7,0.47,3.91,2.17,2.85,1.27,1.77,1.97,2.4,0.76,3.12,3.63,1.26,1.93,1.72,1.92,1.66,2.36,1.14,3.04,1.83,1.81,2.86,3.33,2.0,2.42,1.71,1.86,0.92,3.5,0.45,1.98,1.89,2.9,2.45,0.65,2.43,1.68,1.76,1.16,1.88,3.91,1.48,2.15,1.11,1.4,4.11,1.08,2.5,1.55,1.66,1.93,4.49,0.78,2.4,2.13,1.91,1.07,1.84,2.15,0.38,1.45,0.56,3.61,0.77,1.88,3.22,2.62,2.7,3.48,0.63,2.97,3.47,1.29,1.8,0.06,0.12,3.07,3.0,3.38,3.52,4.04,4.57,2.91,2.86,0.8,1.75,0.7,0.28,2.39,1.99,3.09,1.82,1.0,0.92,2.14,1.11,3.62,2.26,1.52,1.51,2.35,2.72,1.68,1.71,2.27,3.82,1.23,0.47,1.06,2.17,1.39,1.74,1.87,3.09,1.59,1.41,2.29,3.09,4.15,0.38,2.5,2.61,0.75,2.0,1.37,3.43,1.55,1.44,2.34,1.24,1.48,4.3,2.24,2.26,4.28,1.78,0.89,2.19,2.73,1.38,0.92,3.62,2.33,1.15,1.19,3.3
p28,42.025557084919186,-87.70611624865968,0.0,0,0.93,3.06,4.16,3.7,1.41,1.79,2.13,2.5,1.72,1.73,1.91,1.18,5.52,4.45,3.11,2.79,1.72,1.38,2.11,1.28,2.73,1.37,2.04,3.27,2.73,2.63,1.61,0.88,0.0,4.09,4.95,0.22,1.98,5.2,2.72,1.93,1.25,5.29,2.24,0.45,0.69,2.42,0.83,4.39,3.62,4.11,2.12,2.58,1.21,3.99,2.92,4.34,0.58,0.87,1.19,4.79,3.01,3.72,0.39,1.67,2.83,3.01,1.64,3.93,4.48,1.89,2.29,2.51,1.48,2.37,2.53,1.93,3.91,2.38,2.67,3.65,4.21,2.38,3.24,0.84,1.01,1.76,4.38,0.47,2.68,2.75,3.56,3.34,1.45,3.03,2.1,2.15,0.42,1.03,4.78,0.85,2.91,1.13,0.82,4.94,0.71,3.39,2.34,1.87,2.7,5.36,1.61,3.25,2.65,2.61,0.87,2.72,2.92,0.83,2.07,1.43,4.5,0.4,2.6,4.08,3.28,3.48,4.33,0.34,3.84,4.21,1.97,2.67,0.93,1.01,3.95,3.76,4.26,4.24,4.81,5.45,3.75,3.67,1.07,1.74,0.77,0.71,3.03,2.8,3.75,0.96,1.46,0.79,2.79,1.31,4.35,2.8,0.96,1.8,3.21,3.54,2.55,2.38,3.14,4.52,2.03,0.45,0.23,3.06,1.68,2.62,2.41,3.87,2.45,1.6,2.61,3.8,4.87,0.58,3.38,3.47,1.01,1.76,0.95,4.14,1.87,2.07,3.13,0.97,1.93,5.19,2.91,3.14,4.99,2.53,1.57,3.07,3.59,2.25,1.79,4.48,2.11,1.79,2.04,4.16
p29,42.04291929334106,-87.78236620446302,2.0,0,4.87,1.09,0.44,1.25,2.72,2.68,5.05,3.25,3.68,3.06,3.7,5.04,1.64,0.43,1.65,3.39,4.06,4.42,5.04,3.49,3.27,3.45,2.27,1.01,1.74,3.8,5.2,3.26,4.09,0.0,0.91,4.21,4.67,1.17,2.16,2.25,3.05,1.51,4.66,3.65,4.12,2.11,4.05,1.12,1.0,1.3,1.97,1.85,3.4,0.23,2.58,0.64,3.83,4.95,2.91,1.38,2.31,1.95,4.48,4.68,1.34,1.7,2.53,0.25,0.46,3.31,4.11,2.7,5.07,3.07,4.7,2.16,1.93,3.61,2.23,0.53,1.31,4.1,2.51,4.93,5.1,2.35,1.65,3.62,1.58,2.23,1.33,1.34,3.03,1.72,3.88,3.97,4.42,5.12,0.94,4.74,1.25,4.14,4.65,0.85,4.31,1.62,1.75,4.22,1.42,1.55,2.49,2.16,3.78,1.63,4.24,1.98,2.81,3.27,2.19,2.87,1.54,3.8,1.62,0.41,1.38,0.72,0.4,3.89,0.83,0.79,3.18,1.53,3.21,3.15,1.55,0.68,1.14,0.95,0.97,1.66,0.38,0.44,3.2,4.57,3.86,3.53,1.57,1.3,1.3,5.05,2.82,4.1,1.66,3.97,0.93,3.75,4.76,4.04,0.99,0.55,2.12,1.88,1.85,1.23,2.77,3.73,4.2,1.4,3.98,1.96,3.66,0.47,1.68,4.13,4.37,1.04,1.33,3.51,1.31,2.08,3.77,5.0,4.58,1.03,4.01,3.31,2.7,4.4,3.74,1.62,1.53,1.74,1.48,2.88,3.23,1.27,1.99,1.93,2.59,0.6,5.25,2.39,2.07,0.47
p30,42.04197257131843,-87.80008648537928,2.0,0,5.76,1.9,1.11,1.62,3.55,3.59,5.96,4.13,4.59,3.97,4.61,5.93,1.35,0.51,2.2,4.26,4.97,5.34,5.95,4.4,4.14,4.36,3.03,1.91,2.65,4.67,6.1,4.15,4.95,0.91,0.0,5.06,5.58,0.78,3.04,3.15,3.85,1.38,5.57,4.52,5.02,3.02,4.95,1.05,1.5,1.92,2.84,2.75,4.31,0.97,3.43,1.13,4.72,5.82,3.77,1.64,3.16,2.68,5.34,5.59,2.25,2.28,3.43,1.03,0.76,4.22,5.01,3.58,5.97,3.96,5.59,3.02,2.61,4.5,3.12,1.3,1.89,4.99,3.32,5.79,5.96,3.23,2.17,4.49,2.34,3.11,1.75,2.19,3.94,2.29,4.78,4.87,5.3,5.98,1.05,5.63,2.05,5.04,5.54,0.34,5.2,2.44,2.61,5.13,2.25,1.39,3.37,2.98,4.65,2.4,5.14,2.87,3.66,4.12,2.97,3.77,2.0,4.64,2.4,1.15,1.93,1.48,0.91,4.77,1.6,0.93,4.08,2.44,4.09,4.03,2.22,1.25,1.69,1.02,0.42,1.49,1.29,1.29,4.01,5.48,4.76,4.42,2.18,2.16,1.63,5.91,3.62,5.0,2.34,4.88,0.91,4.62,5.65,4.94,1.9,1.44,3.02,2.64,2.7,1.05,3.67,4.61,5.05,2.29,4.89,2.86,4.55,1.1,2.58,5.05,5.25,1.41,0.87,4.38,2.16,2.86,4.68,5.91,5.48,1.16,4.92,4.21,3.52,5.3,4.65,1.66,2.2,2.6,0.96,3.76,4.15,2.17,2.75,2.83,3.5,0.93,6.16,3.2,2.96,1.14
p31,42.02253412243223,-87.70494185925668,0.0,0,0.96,3.16,4.3,3.76,1.51,1.98,2.28,2.72,1.93,1.94,2.13,1.23,5.67,4.56,3.17,3.01,1.92,1.56,2.27,1.5,2.94,1.59,2.1,3.42,2.91,2.85,1.71,1.06,0.22,4.21,5.06,0.0,2.15,5.33,2.91,2.1,1.29,5.45,2.42,0.62,0.88,2.61,1.04,4.46,3.7,4.29,2.25,2.75,1.43,4.1,3.13,4.49,0.8,0.81,1.31,4.96,3.21,3.91,0.31,1.84,2.97,3.06,1.81,4.04,4.61,2.11,2.5,2.72,1.58,2.58,2.72,2.05,4.1,2.6,2.86,3.76,4.38,2.59,3.45,0.73,0.92,1.9,4.56,0.62,2.76,2.95,3.62,3.51,1.65,3.08,2.31,2.36,0.49,0.94,4.92,0.92,3.02,1.33,0.92,5.06,0.87,3.57,2.46,2.07,2.81,5.51,1.76,3.45,2.87,2.7,1.05,2.9,3.13,0.95,2.14,1.62,4.67,0.43,2.69,4.22,3.34,3.59,4.47,0.56,4.0,4.3,2.18,2.82,1.1,1.18,4.13,3.86,4.43,4.32,4.9,5.6,3.88,3.79,1.11,1.92,0.99,0.91,3.09,2.92,3.82,0.86,1.51,0.99,2.86,1.51,4.43,3.02,1.04,2.01,3.36,3.67,2.74,2.46,3.33,4.59,2.24,0.66,0.03,3.22,1.89,2.81,2.62,3.97,2.59,1.8,2.82,3.87,4.95,0.72,3.55,3.67,1.23,1.89,1.07,4.22,2.08,2.29,3.34,1.13,2.14,5.35,2.98,3.32,5.06,2.74,1.78,3.23,3.78,2.4,1.98,4.62,2.24,1.88,2.18,4.3
p32,42.05223542543518,-87.69222932035423,0.0,0,1.55,3.91,4.55,4.79,2.72,2.02,0.38,1.66,0.99,1.62,0.99,1.41,5.68,5.09,4.35,1.76,0.61,0.59,0.39,1.3,1.8,1.3,3.36,3.67,2.94,1.34,1.03,1.95,1.98,4.67,5.58,2.15,0.0,5.55,2.6,2.53,2.86,5.41,0.3,1.97,1.29,2.56,1.18,5.36,4.61,4.1,3.02,2.82,1.43,4.66,2.42,4.64,1.54,1.95,2.41,4.81,2.66,3.42,2.01,0.36,3.35,4.25,2.34,4.6,4.91,1.37,0.79,2.1,1.01,1.73,0.62,2.9,3.6,1.29,2.52,4.4,4.2,0.88,2.7,2.14,2.11,2.62,4.21,2.04,3.75,2.56,4.69,3.47,1.74,4.28,0.89,0.83,1.71,2.09,5.03,1.45,3.82,0.88,1.37,5.45,1.28,3.33,3.22,0.45,3.6,5.49,2.52,2.92,1.37,3.69,1.11,2.74,2.26,2.28,3.34,1.97,4.39,2.29,3.65,4.48,4.41,4.29,4.75,1.74,4.09,5.09,1.51,3.16,2.0,2.0,3.83,4.62,4.32,5.18,5.58,5.54,4.29,4.35,2.71,0.23,1.33,1.73,4.22,3.59,4.87,2.14,2.95,1.2,3.96,0.85,5.26,1.52,1.32,0.63,3.67,4.17,2.58,3.54,3.03,5.51,1.9,1.78,2.18,3.3,0.69,2.73,1.26,4.64,3.09,0.57,0.9,4.81,5.79,2.09,3.51,3.14,1.2,0.59,1.15,5.12,0.67,1.4,2.5,1.03,0.95,5.19,4.05,3.11,5.93,1.97,1.46,3.41,3.29,2.82,2.13,4.84,0.64,3.05,2.8,4.53
p33,42.05324866813427,-87.80035377676478,2.0,0,5.93,2.26,1.04,2.25,3.86,3.65,5.93,3.99,4.57,3.99,4.56,6.08,0.57,0.99,2.76,4.05,4.96,5.38,5.93,4.47,3.95,4.41,3.43,1.95,2.64,4.5,6.19,4.35,5.2,1.17,0.78,5.33,5.55,0.0,2.95,3.3,4.21,0.62,5.49,4.75,5.16,3.02,5.07,1.79,2.07,1.55,3.09,2.77,4.4,1.35,3.24,0.91,4.89,6.05,4.02,1.03,2.96,2.34,5.59,5.61,2.38,2.82,3.59,1.39,0.73,4.18,4.9,3.47,6.06,3.85,5.48,3.28,2.23,4.37,3.02,1.69,1.48,4.87,3.06,6.04,6.2,3.44,1.67,4.73,2.75,2.99,2.37,2.07,4.02,2.84,4.7,4.78,5.51,6.22,0.54,5.79,2.41,5.12,5.7,0.47,5.35,2.24,2.88,5.1,2.58,0.61,3.58,2.74,4.48,2.8,5.26,2.81,3.45,4.39,3.35,3.89,1.48,4.93,2.78,1.12,2.49,1.88,0.87,4.97,1.46,1.6,4.04,2.55,4.29,4.23,1.86,1.76,1.3,1.72,1.2,0.71,1.45,1.61,4.34,5.48,4.9,4.6,2.7,2.44,2.28,6.15,3.98,5.13,2.81,4.93,1.63,4.42,5.8,4.91,2.0,1.69,2.97,3.04,2.53,1.81,3.66,4.82,5.33,2.27,4.88,2.83,4.42,1.57,2.75,5.05,5.1,2.03,1.65,4.62,2.03,2.57,4.78,5.94,5.61,1.85,4.88,4.15,3.27,5.41,4.6,0.94,2.68,2.45,1.73,3.63,4.18,2.19,2.44,2.97,3.58,0.73,6.15,3.54,3.16,1.05
p34,42.053823651375424,-87.74290309633652,2.0,0,3.22,1.74,1.97,2.69,1.87,0.93,2.98,1.09,1.64,1.12,1.62,3.31,3.09,2.59,2.51,1.26,2.02,2.49,2.99,1.64,1.13,1.57,2.04,1.16,0.48,1.64,3.31,1.85,2.72,2.16,3.04,2.91,2.6,2.95,0.0,1.0,2.3,2.83,2.55,2.29,2.43,0.37,2.3,3.06,2.42,1.53,1.37,0.49,1.62,2.21,0.53,2.05,2.23,3.44,1.8,2.24,0.38,1.0,3.07,2.69,1.03,2.45,1.2,2.15,2.34,1.25,1.97,0.54,3.2,0.92,2.55,1.44,1.19,1.45,0.08,2.04,1.63,1.95,0.7,3.49,3.61,1.31,1.72,2.3,1.91,0.1,2.64,0.87,1.29,2.49,1.75,1.84,2.9,3.62,2.43,3.07,1.75,2.27,2.96,2.88,2.61,0.75,1.39,2.15,1.6,2.9,1.39,0.56,1.62,1.87,2.48,0.2,0.74,2.1,1.95,1.29,1.86,2.61,1.81,1.91,2.42,1.99,2.17,2.4,1.5,2.74,1.1,0.9,1.83,1.74,1.29,2.31,1.74,2.87,3.12,2.96,1.79,1.94,2.33,2.55,2.17,2.01,2.35,1.47,2.77,3.59,2.17,2.37,2.17,2.05,2.92,1.61,3.04,1.97,1.21,1.74,0.21,1.9,0.46,3.2,0.77,2.27,2.91,0.76,1.95,0.3,1.51,2.26,1.05,2.12,2.21,2.61,3.42,2.22,0.91,0.76,1.98,3.03,2.82,2.86,1.93,1.2,0.75,2.61,1.65,2.64,2.17,0.51,3.56,0.72,1.32,0.91,0.88,0.92,0.93,2.25,3.22,1.85,1.16,1.95
p35,42.0397238330643,-87.73865856190562,0.0,1,2.63,1.37,2.26,2.27,0.88,0.54,2.89,1.58,1.58,0.95,1.67,2.79,3.59,2.65,1.88,1.87,1.93,2.2,2.89,1.27,1.74,1.25,1.12,1.35,0.83,2.07,2.95,1.06,1.93,2.25,3.15,2.1,2.53,3.3,1.0,0.0,1.31,3.36,2.6,1.49,1.87,0.63,1.8,2.83,2.07,2.19,0.53,0.68,1.16,2.2,1.45,2.42,1.59,2.76,0.85,2.86,1.38,1.91,2.32,2.48,0.92,1.8,0.29,2.14,2.59,1.29,2.17,1.17,2.82,1.36,2.72,0.51,2.09,1.8,0.99,1.91,2.29,2.19,1.68,2.77,2.92,0.31,2.49,1.48,1.26,1.08,2.17,1.41,0.8,1.84,1.89,1.99,2.21,2.93,2.85,2.5,1.29,1.9,2.4,3.09,2.06,1.51,0.7,2.12,1.07,3.43,0.4,1.54,2.07,1.2,1.99,0.9,1.58,1.19,1.05,0.61,2.59,1.74,1.15,2.18,1.9,1.77,2.44,1.68,1.91,2.57,1.2,0.75,1.01,0.94,2.06,2.09,2.33,2.65,3.1,3.51,1.89,1.88,1.35,2.4,1.61,1.3,1.74,1.06,2.34,2.88,1.17,1.85,1.5,1.76,2.73,2.13,2.51,1.93,1.3,1.71,0.79,1.12,1.32,2.98,0.83,1.53,2.09,1.12,1.85,0.78,1.86,2.14,0.58,1.97,2.49,2.27,3.27,1.38,1.46,1.72,1.53,2.78,2.33,2.59,1.93,1.38,1.69,2.15,1.71,3.25,1.56,1.28,3.41,1.32,1.08,1.13,1.81,0.33,0.42,2.57,3.06,0.89,0.28,2.25
p36,42.02187885796692,-87.7300347879864,0.0,0,2.18,1.97,3.22,2.48,0.43,1.55,3.12,2.62,2.18,1.79,2.35,2.42,4.61,3.36,1.88,2.94,2.38,2.32,3.11,1.67,2.83,1.72,0.83,2.41,2.1,2.98,2.8,0.92,1.25,3.05,3.85,1.29,2.86,4.21,2.3,1.31,0.0,4.41,3.04,0.95,1.68,1.94,1.73,3.19,2.43,3.39,1.17,1.96,1.53,2.91,2.71,3.42,1.36,2.1,0.57,3.99,2.68,3.21,1.6,2.64,1.97,1.77,1.12,2.86,3.48,2.11,2.85,2.36,2.66,2.42,3.28,0.99,3.38,2.69,2.29,2.56,3.48,2.91,2.97,2.01,2.2,1.01,3.72,0.89,1.52,2.38,2.34,2.62,1.44,1.79,2.59,2.67,1.67,2.23,3.85,2.09,1.81,1.99,2.04,3.89,1.8,2.78,1.35,2.58,1.63,4.47,0.91,2.85,2.99,1.45,1.87,2.21,2.81,0.57,0.89,1.24,3.79,0.87,1.45,3.13,2.06,2.38,3.35,1.24,3.0,3.04,2.1,1.86,0.88,0.92,3.31,2.62,3.48,3.06,3.66,4.57,2.76,2.61,0.18,2.65,1.55,1.13,1.81,1.77,2.53,2.14,0.23,1.73,1.58,2.02,3.17,3.1,2.17,2.43,2.32,2.52,2.1,1.21,2.62,3.32,1.91,1.13,1.27,2.32,2.31,2.09,2.74,2.75,1.59,2.33,3.2,2.6,3.67,0.8,2.67,3.03,1.66,2.83,2.1,2.95,2.48,2.27,2.95,2.02,2.38,4.37,1.71,2.57,3.78,2.47,1.75,2.27,3.11,1.5,1.47,3.53,3.17,0.66,1.23,3.22
p37,42.06183155363891,-87.7969981180373,2.0,0,5.96,2.53,1.2,2.72,4.02,3.64,5.8,3.8,4.47,3.93,4.43,6.08,0.28,1.48,3.15,3.82,4.85,5.32,5.8,4.43,3.72,4.37,3.68,2.02,2.61,4.28,6.13,4.42,5.29,1.51,1.38,5.45,5.41,0.62,2.83,3.36,4.41,0.0,5.33,4.85,5.17,2.97,5.07,2.34,2.49,1.31,3.25,2.76,4.38,1.73,3.03,0.99,4.92,6.11,4.14,0.62,2.77,2.06,5.68,5.51,2.48,3.2,3.65,1.75,1.05,4.08,4.72,3.31,6.02,3.69,5.28,3.44,1.91,4.18,2.9,2.03,1.22,4.67,2.8,6.13,6.27,3.55,1.29,4.83,3.03,2.86,2.82,2.0,4.01,3.23,4.54,4.62,5.57,6.29,0.57,5.82,2.68,5.08,5.71,1.05,5.36,2.09,3.06,4.97,2.81,0.07,3.69,2.52,4.25,3.08,5.26,2.72,3.22,4.51,3.6,3.92,1.09,5.06,3.05,1.29,2.89,2.21,1.12,5.04,1.45,2.11,3.93,2.62,4.37,4.29,1.6,2.17,1.09,2.24,1.79,0.16,1.68,1.92,4.53,5.38,4.91,4.65,3.08,2.65,2.75,6.24,4.19,5.13,3.14,4.87,2.17,4.17,5.81,4.79,2.1,1.93,2.9,3.3,2.38,2.38,3.58,4.88,5.44,2.25,4.77,2.77,4.22,1.97,2.86,4.95,4.88,2.49,2.25,4.72,1.96,2.32,4.76,5.85,5.6,2.37,4.75,4.01,3.02,5.4,4.46,0.35,3.02,2.32,2.34,3.45,4.13,2.23,2.17,3.05,3.58,0.92,6.04,3.75,3.27,1.2
